.Random.seed <-
c(403L, 10L, -366803359L, 758857715L, 2068787810L, 1870693588L, 
-460266025L, 1766854605L, 1886309220L, 1129058122L, -1875405131L, 
1937673743L, 2045206294L, -1647769152L, -1071834749L, -182313055L, 
1575210896L, -765512594L, -1643101671L, -1567618389L, -1507701094L, 
-175420836L, -1103800481L, -1910183627L, 1659029708L, 1669411362L, 
1571236989L, 1817433463L, -1311761762L, -1159186088L, -60424005L, 
1537359449L, 1269632488L, -1136928746L, -1598168175L, 463096899L, 
-848878766L, -1941526556L, -1674160601L, -1955385731L, 1340477300L, 
177857370L, -1425730139L, -717155905L, 297294406L, -834897712L, 
2038993651L, -580729839L, 1234817600L, 1401177630L, -1546776343L, 
-930401765L, -1816145366L, 1546302796L, -894560497L, -764241339L, 
2065337340L, 982880850L, 1372876749L, -847582841L, -1755227026L, 
-1618090936L, 533151307L, 300921769L, 281213688L, 1466256934L, 
484288321L, 91843795L, -870059902L, -2013573452L, 867920439L, 
-726798035L, -325139900L, -430940310L, -1446532139L, -1793118865L, 
1368774774L, -611355744L, 1442194531L, 1181167873L, 1433861232L, 
-1089030130L, 1774340217L, -248199157L, 586885434L, -1058949060L, 
76017535L, 240837845L, 1626159340L, 1725002306L, 369186205L, 
-83144681L, -706624130L, -116270280L, -432921573L, 1079704953L, 
994544584L, 717985782L, -15353295L, 2088512611L, -55602126L, 
-32263804L, 893482951L, -673351011L, 1229572628L, -1936054086L, 
1982067973L, 1895128799L, -884808858L, 1699152624L, -1035951597L, 
1509297073L, -924567968L, -1932921858L, 1692396425L, -1803354949L, 
266893450L, 589769580L, 680153327L, 1892219685L, -2116000292L, 
2088960946L, -503649619L, 311673447L, 629596558L, -1558141336L, 
-154201493L, 492203017L, -887844200L, -232643130L, -372218591L, 
960234931L, 666341666L, 1272376084L, -1764027497L, -1779524723L, 
1837328036L, 1652590730L, 940437237L, -321719985L, 1012874838L, 
2007934208L, 1720778819L, -489671711L, -1365013680L, -1574642258L, 
-1809435815L, 1860041067L, 1032462554L, -183547492L, -1848126049L, 
-1736923147L, 1046816396L, 1789776738L, -246711491L, -1908970569L, 
-1214177186L, 613285272L, -1026414341L, -1948404583L, 674862376L, 
1837200342L, -25532335L, -1740821757L, 1226074770L, 425130020L, 
784172775L, 2118220605L, -1629854796L, -1341116390L, 1156174693L, 
-1589056001L, -323592058L, -1617581040L, -662057293L, 1543806289L, 
620967168L, -47620130L, 1124260905L, 661371867L, -465387286L, 
-973648244L, 1819677135L, -1054268027L, 122912316L, -1813703918L, 
2144186381L, 396211015L, -726169298L, 1942839432L, -810982005L, 
-1894564503L, -2026770632L, -605515290L, 2113684865L, -1867032301L, 
1058592450L, 1825821044L, -1890883209L, 435067501L, -78244604L, 
1462546474L, 1319333269L, -1649413585L, 1249607478L, -1683161248L, 
-1823701597L, 124071617L, -1512831312L, -1611800114L, -2134911687L, 
636094795L, 1660304122L, -2052375556L, -1925923777L, 433186069L, 
-2116153812L, 1025479426L, 1630482397L, 839658199L, 777020862L, 
180346872L, 155573211L, 1711248953L, 662536072L, 1518288694L, 
-2006712975L, 591484835L, -884465934L, 281656764L, 1823428210L, 
-580586512L, 1659940420L, 571682904L, 356890682L, -2032885648L, 
1617090620L, 769040660L, 18866882L, -675780896L, -1846511492L, 
1066874576L, -1386055262L, -1842763736L, -1543435508L, 352995772L, 
-2056269006L, 548272832L, -1420448716L, 1470377672L, -1920748358L, 
-239118704L, 731340524L, -823784876L, 2094871186L, 79952160L, 
-224984628L, 423453408L, 2029449410L, -1163400152L, -2061314132L, 
1999461052L, 1772719090L, 1210349104L, -1519796316L, 1913605560L, 
-1463040166L, -1090645872L, 400833404L, 736862484L, -1164396222L, 
-1888567040L, -830124612L, -1846386352L, -1274341086L, -1213867448L, 
1492529164L, 1249891932L, -310736430L, 1850930688L, 1433728340L, 
443821288L, -1953414918L, -1975327024L, 2070874924L, -534081292L, 
-1840653934L, 1273658720L, -1256649716L, -1753023264L, 765895266L, 
-2013281112L, 1892334668L, -1404332164L, 606230834L, 411882096L, 
-1003318460L, -865586216L, -1500757126L, 955729968L, -2016251972L, 
308208212L, -2064396222L, -397250912L, -1802460484L, -943043632L, 
1316805986L, -641851672L, -27149108L, -1937485316L, -2084209166L, 
-1137261440L, -1664169484L, -251520376L, 277941050L, -846672560L, 
733703276L, -1330027116L, -860635054L, 42827232L, -1680427828L, 
358784672L, 1798377858L, -817907480L, 1996929772L, 330065212L, 
1307218034L, 1022710384L, -1816147420L, -1118840776L, -2025756390L, 
-1648294704L, -1728198340L, -1878908012L, 1683109762L, 1636584384L, 
941508156L, 378429840L, 1456773154L, 1647125768L, -404875124L, 
-648474852L, -2146880366L, -1012755072L, 563695636L, -339273944L, 
2120443450L, 191803856L, 1712585068L, 625374132L, 1270401554L, 
-472455200L, -1323144756L, 262682848L, 601820194L, 2081624872L, 
-1421960692L, 1632895804L, 1917738994L, -304631056L, 1720982084L, 
1509944920L, -610625734L, -255741968L, 1406821052L, -1393748716L, 
-691659582L, -1526141856L, 1895773564L, -289714224L, -577117918L, 
2000656040L, -1826228340L, 974845116L, 949357362L, -1929771456L, 
-344451916L, 447202376L, -743029318L, -15357424L, 1161231596L, 
410943828L, -962465006L, 1884556704L, 1807678156L, 1363851872L, 
-491724862L, -1755532504L, 1087101356L, 513699132L, -985187470L, 
-1910948560L, 665831204L, -1551940296L, 515172058L, 1011482512L, 
-107513092L, -689189996L, -351706046L, 562574592L, -1050601412L, 
1791491408L, 593048738L, -711005368L, -1393058036L, -973635876L, 
1859489618L, 399406720L, -2093918124L, -404757528L, -542598406L, 
-633010864L, -1152274644L, -465378444L, 110818194L, 206668384L, 
1418295180L, 722761568L, -1963510814L, 1155460008L, -538280756L, 
-310773252L, -863074382L, -1890183696L, 971552196L, 2132756824L, 
981622138L, 152059312L, 322286524L, -949510060L, -1902719038L, 
-1717874656L, -142454596L, 2053687888L, 458176482L, 1992515176L, 
-1112453556L, 823345404L, 1669629938L, -1451350784L, -1933733004L, 
34066440L, 750899642L, 494972368L, 85341164L, -974623852L, 1904552914L, 
-40843424L, 396239180L, -594448096L, 910614402L, -1012119832L, 
1183758572L, 675452476L, 1635554162L, 1627821680L, 146595804L, 
-1678157747L, -901678153L, -1028086464L, 2083464222L, -1692089621L, 
-270751123L, -142935334L, 1094525592L, -372956927L, -540850509L, 
594072020L, 850510050L, 1284471159L, -1145001791L, 1484993606L, 
1038048132L, 178457909L, 57391903L, 178720376L, 845280086L, 1037728227L, 
-963080283L, -1195749822L, -413223888L, -316012455L, 1014687179L, 
1140893244L, 1426004074L, -25075041L, -357159127L, 336286654L, 
1346265772L, -1930588163L, 1800378183L, 1160550448L, 420688206L, 
81656187L, -616038691L, -609863926L, 2130480680L, 1671616145L, 
-1837990269L, 1389363076L, -2095319630L, 998120199L, -1608756911L, 
-146593578L, 353535412L, 1069859269L, 180162831L, -1516597368L, 
1247895206L, 2026999379L, -2102579275L, -54207214L, -606157088L, 
173710153L, 189134203L, 310763596L, -710723110L, -974720049L, 
-876733031L, -1473157714L, -104107332L, -1803005139L, 218562775L, 
812321056L, -1618080130L, 1638021195L, 296591949L, 2028585082L, 
1556304056L, 884023905L, -1333225453L, 1896461876L, -845496254L, 
-228835241L, -1596836959L, 1079833702L, -1865466780L, 809678741L, 
-454041409L, 356401240L, -635026314L, -899068797L, -698082107L, 
-965821982L, -931553200L, 1469456761L, 535164587L, 1707826716L, 
786037066L, -210060993L, -1939488887L, -1495867490L, 1032195660L, 
-1640064995L, 1545865639L, 1334840528L, -1433760146L, 989288731L, 
-1002964355L, 1435549802L, -1452724984L, -1001514575L, 17665571L, 
-2050225372L, 1988738002L, -1451423705L, 1554104945L, 1490626742L, 
-578662316L, 2143842533L, -965776145L, -308576216L, -1428573050L, 
-252887373L, 306462741L, -126561678L, 1582071488L, -2053123287L, 
-983121509L, 995415660L, 496196218L, -1157727313L, 2079678137L, 
551243982L, 271567388L, -1724890739L, -1285566473L, -1590635776L, 
1377446238L, 1001622059L, -748976851L, -877897318L, -2021238952L, 
1984126657L, -606748301L, -1769108844L, -1207906526L, 1043716663L, 
731393793L, 977995270L, 244571204L, -1870865035L, -1797234465L, 
